-85.3991 8.91123 0.129556
-85.4312 8.943 0.121481
-85.4633 8.97476 0.106465
-85.4955 9.00652 0.086493
-85.5276 9.03829 0.064143
-85.5597 9.07005 0.042236
-85.5918 9.10181 0.023472
-85.6239 9.13357 0.009830
-85.656 9.16534 0.002113
-85.6881 9.1971 0.000427
-85.7203 9.22886 0.000108
-85.7524 9.26062 0.000041
-85.7845 9.29239 0.000006
-85.8166 9.32415 0.000065
-85.8487 9.35591 0.000000
-85.8808 9.38767 0.000000
-85.913 9.41944 0.000000
-85.9451 9.4512 0.000000
-85.9772 9.48296 0.000000
-86.0093 9.51472 0.000000
-86.0414 9.54649 0.000000
-86.0735 9.57825 0.000000
-86.1056 9.61001 0.000000
-86.1378 9.64177 0.000000
-86.1699 9.67354 0.000000
-86.202 9.7053 0.000000
-86.2341 9.73706 0.000000
-86.2662 9.76882 0.000000
-86.2983 9.80059 0.000005
-86.3305 9.83235 0.000002
-86.3626 9.86411 0.000015
-86.3947 9.89587 0.000021
-86.4268 9.92764 0.000385
-86.4589 9.9594 0.001215
-86.491 9.99116 0.002219
-86.5231 10.0229 0.003258
-86.5553 10.0547 0.004033
-86.5874 10.0864 0.004588
-86.6195 10.1182 0.004920
-86.6516 10.15 0.005098
-85.367 8.94299 0.256757
-85.3991 8.97475 0.240889
-85.4312 9.00652 0.211299
-85.4633 9.03828 0.171824
-85.4955 9.07004 0.127479
-85.5276 9.10181 0.083881
-85.5597 9.13357 0.046410
-85.5918 9.16533 0.019185
-85.6239 9.19709 0.003879
-85.656 9.22886 0.000941
-85.6881 9.26062 0.000146
-85.7203 9.29238 0.000153
-85.7524 9.32414 0.000430
-85.7845 9.35591 0.002030
-85.8166 9.38767 0.005571
-85.8487 9.41943 0.008576
-85.8808 9.45119 0.008936
-85.913 9.48296 0.006080
-85.9451 9.51472 0.001893
-85.9772 9.54648 0.000000
-86.0093 9.57824 0.000000
-86.0414 9.61001 0.000000
-86.0735 9.64177 0.000000
-86.1056 9.67353 0.000000
-86.1378 9.70529 0.000000
-86.1699 9.73706 0.000000
-86.202 9.76882 0.000000
-86.2341 9.80058 0.000006
-86.2662 9.83234 0.000000
-86.2983 9.86411 0.000000
-86.3305 9.89587 0.000002
-86.3626 9.92763 0.000069
-86.3947 9.95939 0.000415
-86.4268 9.99116 0.001546
-86.4589 10.0229 0.003091
-86.491 10.0547 0.004736
-86.5231 10.0864 0.006098
-86.5553 10.1182 0.007097
-86.5874 10.15 0.007688
-86.6195 10.1817 0.007994
-85.3349 8.97475 0.381204
-85.367 9.00651 0.358038
-85.3991 9.03827 0.314702
-85.4312 9.07004 0.256567
-85.4633 9.1018 0.190845
-85.4955 9.13356 0.125760
-85.5276 9.16533 0.069479
-85.5597 9.19709 0.028495
-85.5918 9.22885 0.005818
-85.6239 9.26061 0.000867
-85.656 9.29238 0.000110
-85.6882 9.32414 0.000000
-85.7203 9.3559 0.004079
-85.7524 9.38766 0.014735
-85.7845 9.41943 0.028999
-85.8166 9.45119 0.041010
-85.8487 9.48295 0.045271
-85.8808 9.51471 0.039328
-85.913 9.54648 0.025432
-85.9451 9.57824 0.009985
-85.9772 9.61 0.000000
-86.0093 9.64176 0.000000
-86.0414 9.67353 0.000000
-86.0735 9.70529 0.000000
-86.1057 9.73705 0.000000
-86.1378 9.76881 0.000000
-86.1699 9.80058 0.000000
-86.202 9.83234 0.000000
-86.2341 9.8641 0.000007
-86.2662 9.89586 0.000002
-86.2983 9.92763 0.000041
-86.3305 9.95939 0.000000
-86.3626 9.99115 0.000180
-86.3947 10.0229 0.001135
-86.4268 10.0547 0.002640
-86.4589 10.0864 0.004378
-86.491 10.1182 0.005908
-86.5232 10.15 0.007065
-86.5553 10.1817 0.007710
-86.5874 10.2135 0.007955
-85.3028 9.00651 0.503052
-85.3349 9.03827 0.473457
-85.367 9.07003 0.417769
-85.3991 9.1018 0.342457
-85.4312 9.13356 0.256407
-85.4634 9.16532 0.170178
-85.4955 9.19708 0.094635
-85.5276 9.22885 0.039030
-85.5597 9.26061 0.008352
-85.5918 9.29237 0.000000
-85.6239 9.32413 0.000000
-85.656 9.3559 0.002431
-85.6882 9.38766 0.017483
-85.7203 9.41942 0.045618
-85.7524 9.45118 0.079901
-85.7845 9.48295 0.109776
-85.8166 9.51471 0.124994
-85.8487 9.54647 0.119525
-85.8809 9.57823 0.094308
-85.913 9.61 0.057760
-85.9451 9.64176 0.022971
-85.9772 9.67352 0.002628
-86.0093 9.70528 0.000000
-86.0414 9.73705 0.000000
-86.0735 9.76881 0.000000
-86.1057 9.80057 0.000000
-86.1378 9.83233 0.000000
-86.1699 9.8641 0.000009
-86.202 9.89586 0.000001
-86.2341 9.92762 0.000001
-86.2662 9.95938 0.000006
-86.2984 9.99115 0.000003
-86.3305 10.0229 0.000070
-86.3626 10.0547 0.000371
-86.3947 10.0864 0.001411
-86.4268 10.1182 0.002758
-86.4589 10.15 0.004054
-86.491 10.1817 0.005075
-86.5232 10.2135 0.005496
-86.5553 10.2452 0.005556
-85.2707 9.03826 0.621821
-85.3028 9.07003 0.587205
-85.3349 9.10179 0.521582
-85.367 9.13355 0.431718
-85.3991 9.16532 0.327428
-85.4312 9.19708 0.220908
-85.4634 9.22884 0.125466
-85.4955 9.2606 0.053223
-85.5276 9.29237 0.011887
-85.5597 9.32413 0.000000
-85.5918 9.35589 0.000000
-85.6239 9.38765 0.010118
-85.656 9.41942 0.043523
-85.6882 9.45118 0.097991
-85.7203 9.48294 0.162223
-85.7524 9.5147 0.220327
-85.7845 9.54647 0.256405
-85.8166 9.57823 0.259264
-85.8487 9.60999 0.226635
-85.8809 9.64175 0.166990
-85.913 9.67352 0.097519
-85.9451 9.70528 0.038540
-85.9772 9.73704 0.005542
-86.0093 9.7688 0.000000
-86.0414 9.80057 0.000000
-86.0735 9.83233 0.000000
-86.1057 9.86409 0.000000
-86.1378 9.89585 0.000000
-86.1699 9.92762 0.000006
-86.202 9.95938 0.000002
-86.2341 9.99114 0.000000
-86.2662 10.0229 0.000002
-86.2984 10.0547 0.000011
-86.3305 10.0864 0.000062
-86.3626 10.1182 0.000312
-86.3947 10.15 0.001059
-86.4268 10.1817 0.001793
-86.4589 10.2135 0.002368
-86.491 10.2452 0.002393
-86.5232 10.277 0.002178
-85.2386 9.07002 0.735156
-85.2707 9.10178 0.697832
-85.3028 9.13355 0.626173
-85.3349 9.16531 0.526272
-85.367 9.19707 0.407642
-85.3991 9.22884 0.283133
-85.4312 9.2606 0.167733
-85.4634 9.29236 0.076250
-85.4955 9.32412 0.019663
-85.5276 9.35589 0.000000
-85.5597 9.38765 0.000000
-85.5918 9.41941 0.023808
-85.6239 9.45117 0.082216
-85.6561 9.48294 0.169704
-85.6882 9.5147 0.271155
-85.7203 9.54646 0.366179
-85.7524 9.57822 0.433430
-85.7845 9.60999 0.455750
-85.8166 9.64175 0.425711
-85.8487 9.67351 0.349415
-85.8809 9.70527 0.245140
-85.913 9.73704 0.138128
-85.9451 9.7688 0.053767
-85.9772 9.80056 0.008625
-86.0093 9.83232 0.000000
-86.0414 9.86409 0.000000
-86.0736 9.89585 0.000000
-86.1057 9.92761 0.000000
-86.1378 9.95937 0.000000
-86.1699 9.99114 0.000005
-86.202 10.0229 0.000000
-86.2341 10.0547 0.000110
-86.2662 10.0864 0.000032
-86.2984 10.1182 0.000081
-86.3305 10.1499 0.000005
-86.3626 10.1817 0.000068
-86.3947 10.2135 0.000274
-86.4268 10.2452 0.000511
-86.4589 10.277 0.000493
-86.4911 10.3088 0.000153
-85.2064 9.10178 0.837914
-85.2386 9.13354 0.801301
-85.2707 9.16531 0.729546
-85.3028 9.19707 0.626623
-85.3349 9.22883 0.500333
-85.367 9.26059 0.362710
-85.3991 9.29236 0.229388
-85.4313 9.32412 0.117183
-85.4634 9.35588 0.039996
-85.4955 9.38764 0.004073
-85.5276 9.41941 0.005710
-85.5597 9.45117 0.047658
-85.5918 9.48293 0.132829
-85.6239 9.51469 0.253153
-85.6561 9.54646 0.391330
-85.6882 9.57822 0.524654
-85.7203 9.60998 0.628554
-85.7524 9.64174 0.680919
-85.7845 9.67351 0.668256
-85.8166 9.70527 0.591813
-85.8488 9.73703 0.466934
-85.8809 9.76879 0.318457
-85.913 9.80056 0.177166
-85.9451 9.83232 0.072140
-85.9772 9.86408 0.016862
-86.0093 9.89584 0.000000
-86.0414 9.92761 0.000000
-86.0736 9.95937 0.000000
-86.1057 9.99113 0.000000
-86.1378 10.0229 0.000000
-86.1699 10.0547 0.000000
-86.202 10.0864 0.000000
-86.2341 10.1182 0.000077
-86.2663 10.1499 0.000019
-86.2984 10.1817 0.000000
-86.3305 10.2135 0.000146
-86.3626 10.2452 0.000100
-86.3947 10.277 0.000422
-86.4268 10.3088 0.000430
-86.4589 10.3405 0.000269
-85.1743 9.13354 0.921954
-85.2065 9.1653 0.890608
-85.2386 9.19706 0.826690
-85.2707 9.22883 0.730552
-85.3028 9.26059 0.606560
-85.3349 9.29235 0.464248
-85.367 9.32411 0.318742
-85.3991 9.35588 0.188795
-85.4313 9.38764 0.092202
-85.4634 9.4194 0.041086
-85.4955 9.45116 0.040345
-85.5276 9.48293 0.092538
-85.5597 9.51469 0.195250
-85.5918 9.54645 0.336772
-85.6239 9.57821 0.498029
-85.6561 9.60998 0.656628
-85.6882 9.64174 0.789514
-85.7203 9.6735 0.874188
-85.7524 9.70526 0.892944
-85.7845 9.73703 0.841434
-85.8166 9.76879 0.727223
-85.8488 9.80055 0.565833
-85.8809 9.83231 0.385343
-85.913 9.86408 0.224076
-85.9451 9.89584 0.112043
-85.9772 9.9276 0.051308
-86.0093 9.95936 0.022458
-86.0414 9.99113 0.006722
-86.0736 10.0229 0.000000
-86.1057 10.0547 0.000000
-86.1378 10.0864 0.000000
-86.1699 10.1182 0.000000
-86.202 10.1499 0.000000
-86.2341 10.1817 0.000000
-86.2663 10.2135 0.000000
-86.2984 10.2452 0.000034
-86.3305 10.277 0.000000
-86.3626 10.3088 0.000000
-86.3947 10.3405 0.000163
-86.4268 10.3723 0.000075
-85.1422 9.16529 0.977784
-85.1743 9.19706 0.956743
-85.2065 9.22882 0.909567
-85.2386 9.26058 0.831703
-85.2707 9.29235 0.722740
-85.3028 9.32411 0.587401
-85.3349 9.35587 0.438670
-85.367 9.38763 0.297031
-85.3991 9.4194 0.184821
-85.4313 9.45116 0.119592
-85.4634 9.48292 0.111192
-85.4955 9.51468 0.162233
-85.5276 9.54645 0.266500
-85.5597 9.57821 0.407803
-85.5918 9.60997 0.564281
-85.624 9.64173 0.715821
-85.6561 9.6735 0.847752
-85.6882 9.70526 0.947209
-85.7203 9.73702 1.000000
-85.7524 9.76878 1.000000
-85.7845 9.80055 0.942750
-85.8166 9.83231 0.820911
-85.8488 9.86407 0.645111
-85.8809 9.89583 0.455597
-85.913 9.9276 0.299721
-85.9451 9.95936 0.193635
-85.9772 9.99112 0.122610
-86.0093 10.0229 0.069535
-86.0415 10.0546 0.030853
-86.0736 10.0864 0.008267
-86.1057 10.1182 0.000000
-86.1378 10.1499 0.000000
-86.1699 10.1817 0.000000
-86.202 10.2135 0.002243
-86.2341 10.2452 0.004663
-86.2663 10.277 0.005053
-86.2984 10.3087 0.003248
-86.3305 10.3405 0.000766
-86.3626 10.3723 0.000000
-86.3947 10.404 0.000000
-85.1101 9.19705 0.999998
-85.1422 9.22882 0.992461
-85.1743 9.26058 0.968658
-85.2065 9.29234 0.919120
-85.2386 9.3241 0.838545
-85.2707 9.35587 0.723369
-85.3028 9.38763 0.581707
-85.3349 9.41939 0.435389
-85.367 9.45115 0.311842
-85.3992 9.48292 0.233545
-85.4313 9.51468 0.212855
-85.4634 9.54644 0.251935
-85.4955 9.5782 0.341183
-85.5276 9.60997 0.458506
-85.5597 9.64173 0.576021
-85.5918 9.67349 0.673980
-85.624 9.70525 0.751523
-85.6561 9.73702 0.820516
-85.6882 9.76878 0.888804
-85.7203 9.80054 0.954420
-85.7524 9.8323 0.999803
-85.7845 9.86407 0.985419
-85.8167 9.89583 0.877302
-85.8488 9.92759 0.704884
-85.8809 9.95935 0.535112
-85.913 9.99112 0.400758
-85.9451 10.0229 0.291979
-85.9772 10.0546 0.195728
-86.0093 10.0864 0.115011
-86.0415 10.1182 0.058879
-86.0736 10.1499 0.030021
-86.1057 10.1817 0.022069
-86.1378 10.2135 0.024394
-86.1699 10.2452 0.030597
-86.202 10.277 0.034610
-86.2342 10.3087 0.032631
-86.2663 10.3405 0.024644
-86.2984 10.3723 0.013829
-86.3305 10.404 0.004716
-86.3626 10.4358 0.000000
-85.078 9.22881 1.000000
-85.1101 9.26057 1.000000
-85.1422 9.29234 0.997458
-85.1744 9.3241 0.978759
-85.2065 9.35586 0.936395
-85.2386 9.38762 0.852841
-85.2707 9.41939 0.726965
-85.3028 9.45115 0.581413
-85.3349 9.48291 0.450089
-85.367 9.51467 0.360460
-85.3992 9.54644 0.325636
-85.4313 9.5782 0.346532
-85.4634 9.60996 0.411039
-85.4955 9.64172 0.491003
-85.5276 9.67349 0.549094
-85.5597 9.70525 0.558910
-85.5918 9.73701 0.529905
-85.624 9.76877 0.507413
-85.6561 9.80054 0.541451
-85.6882 9.8323 0.658323
-85.7203 9.86406 0.835255
-85.7524 9.89582 0.977381
-85.7845 9.92759 0.983666
-85.8167 9.95935 0.866766
-85.8488 9.99111 0.719623
-85.8809 10.0229 0.591730
-85.913 10.0546 0.473069
-85.9451 10.0864 0.352432
-85.9772 10.1182 0.241316
-86.0093 10.1499 0.158010
-86.0415 10.1817 0.110699
-86.0736 10.2134 0.094221
-86.1057 10.2452 0.095774
-86.1378 10.277 0.102492
-86.1699 10.3087 0.104062
-86.202 10.3405 0.095072
-86.2342 10.3723 0.075972
-86.2663 10.404 0.051974
-86.2984 10.4358 0.030524
-86.3305 10.4676 0.018065
-85.0459 9.26057 1.000000
-85.078 9.29233 1.000000
-85.1101 9.32409 1.000000
-85.1422 9.35586 0.999999
-85.1744 9.38762 0.995021
-85.2065 9.41938 0.946839
-85.2386 9.45114 0.839834
-85.2707 9.48291 0.696618
-85.3028 9.51467 0.558879
-85.3349 9.54643 0.460309
-85.367 9.57819 0.413875
-85.3992 9.60996 0.418846
-85.4313 9.64172 0.462232
-85.4634 9.67348 0.513458
-85.4955 9.70524 0.529227
-85.5276 9.73701 0.472750
-85.5597 9.76877 0.351119
-85.5919 9.80053 0.233320
-85.624 9.83229 0.210662
-85.6561 9.86406 0.342747
-85.6882 9.89582 0.601687
-85.7203 9.92758 0.835574
-85.7524 9.95934 0.904022
-85.7845 9.99111 0.833352
-85.8167 10.0229 0.741295
-85.8488 10.0546 0.671295
-85.8809 10.0864 0.593067
-85.913 10.1182 0.489056
-85.9451 10.1499 0.378291
-85.9772 10.1817 0.288989
-86.0094 10.2134 0.235771
-86.0415 10.2452 0.215971
-86.0736 10.277 0.216036
-86.1057 10.3087 0.219950
-86.1378 10.3405 0.214913
-86.1699 10.3723 0.194774
-86.202 10.404 0.160975
-86.2342 10.4358 0.121099
-86.2663 10.4675 0.085780
-86.2984 10.4993 0.065021
-85.0138 9.29233 1.000000
-85.0459 9.32409 1.000000
-85.078 9.35585 1.000000
-85.1101 9.38761 1.000000
-85.1422 9.41938 1.000000
-85.1744 9.45114 0.972343
-85.2065 9.4829 0.877458
-85.2386 9.51466 0.734296
-85.2707 9.54643 0.589111
-85.3028 9.57819 0.482915
-85.3349 9.60995 0.431578
-85.3671 9.64171 0.434607
-85.3992 9.67348 0.478202
-85.4313 9.70524 0.531806
-85.4634 9.737 0.559336
-85.4955 9.76876 0.527201
-85.5276 9.80053 0.429755
-85.5597 9.83229 0.326473
-85.5919 9.86405 0.311180
-85.624 9.89581 0.427182
-85.6561 9.92758 0.614466
-85.6882 9.95934 0.713501
-85.7203 9.9911 0.673942
-85.7524 10.0229 0.600228
-85.7846 10.0546 0.592593
-85.8167 10.0864 0.627131
-85.8488 10.1182 0.628716
-85.8809 10.1499 0.574393
-85.913 10.1817 0.493364
-85.9451 10.2134 0.422102
-85.9772 10.2452 0.379451
-86.0094 10.277 0.364901
-86.0415 10.3087 0.365902
-86.0736 10.3405 0.366393
-86.1057 10.3723 0.353411
-86.1378 10.404 0.321255
-86.1699 10.4358 0.272739
-86.2021 10.4675 0.217686
-86.2342 10.4993 0.169591
-86.2663 10.5311 0.141390
-84.9817 9.32408 1.000000
-85.0138 9.35585 0.999923
-85.0459 9.38761 0.990297
-85.078 9.41937 0.973083
-85.1101 9.45113 0.949021
-85.1423 9.4829 0.901032
-85.1744 9.51466 0.803489
-85.2065 9.54642 0.661767
-85.2386 9.57818 0.510747
-85.2707 9.60995 0.395347
-85.3028 9.64171 0.346749
-85.3349 9.67347 0.374108
-85.3671 9.70523 0.457290
-85.3992 9.737 0.556403
-85.4313 9.76876 0.647025
-85.4634 9.80052 0.718374
-85.4955 9.83228 0.748828
-85.5276 9.86405 0.744986
-85.5597 9.89581 0.770581
-85.5919 9.92757 0.827926
-85.624 9.95933 0.850176
-85.6561 9.9911 0.700337
-85.6882 10.0229 0.495592
-85.7203 10.0546 0.426525
-85.7524 10.0864 0.506787
-85.7846 10.1181 0.611765
-85.8167 10.1499 0.647608
-85.8488 10.1817 0.617082
-85.8809 10.2134 0.563988
-85.913 10.2452 0.521236
-85.9451 10.277 0.500703
-85.9772 10.3087 0.499389
-86.0094 10.3405 0.506168
-86.0415 10.3722 0.507071
-86.0736 10.404 0.490526
-86.1057 10.4358 0.451658
-86.1378 10.4675 0.394254
-86.1699 10.4993 0.329651
-86.2021 10.5311 0.273306
-86.2342 10.5628 0.240237
-84.9501 9.35531 0.999121
-84.9822 9.38707 0.978424
-85.0143 9.41883 0.934294
-85.0464 9.45059 0.871586
-85.0786 9.48236 0.798582
-85.1107 9.51412 0.716897
-85.1428 9.54588 0.618595
-85.1749 9.57764 0.496544
-85.207 9.60941 0.356082
-85.2391 9.64117 0.234666
-85.2713 9.67293 0.195794
-85.3034 9.70469 0.272713
-85.3355 9.73646 0.430376
-85.3676 9.76822 0.605987
-85.3997 9.79998 0.767829
-85.4318 9.83174 0.911856
-85.4639 9.86351 1.000000
-85.4961 9.89527 1.000000
-85.5282 9.92703 1.000000
-85.5603 9.95879 1.000000
-85.5924 9.99056 1.000000
-85.6245 10.0223 0.804802
-85.6566 10.0541 0.624716
-85.6888 10.0858 0.636539
-85.7209 10.1176 0.735398
-85.753 10.1494 0.769626
-85.7851 10.1811 0.712370
-85.8172 10.2129 0.628821
-85.8493 10.2447 0.569681
-85.8814 10.2764 0.545232
-85.9136 10.3082 0.546805
-85.9457 10.3399 0.563125
-85.9778 10.3717 0.583301
-86.0099 10.4035 0.595238
-86.042 10.4352 0.587835
-86.0741 10.467 0.555754
-86.1063 10.4988 0.502402
-86.1384 10.5305 0.439379
-86.1705 10.5623 0.383010
-86.2026 10.594 0.349453
-84.9194 9.38567 0.989842
-84.9515 9.41743 0.951091
-84.9836 9.4492 0.873988
-85.0157 9.48096 0.765096
-85.0479 9.51272 0.640993
-85.08 9.54448 0.523275
-85.1121 9.57625 0.424675
-85.1442 9.60801 0.335811
-85.1763 9.63977 0.235820
-85.2084 9.67153 0.143399
-85.2406 9.7033 0.132982
-85.2727 9.73506 0.248426
-85.3048 9.76682 0.447933
-85.3369 9.79858 0.662689
-85.369 9.83035 0.845409
-85.4011 9.86211 0.967537
-85.4332 9.89387 1.000000
-85.4654 9.92563 1.000000
-85.4975 9.9574 1.000000
-85.5296 9.98916 1.000000
-85.5617 10.0209 1.000000
-85.5938 10.0527 0.893000
-85.6259 10.0844 0.848495
-85.6581 10.1162 0.941434
-85.6902 10.148 1.000000
-85.7223 10.1797 0.921317
-85.7544 10.2115 0.745207
-85.7865 10.2433 0.582265
-85.8186 10.275 0.485986
-85.8507 10.3068 0.453864
-85.8829 10.3385 0.465074
-85.915 10.3703 0.500615
-85.9471 10.4021 0.546719
-85.9792 10.4338 0.588424
-86.0113 10.4656 0.610997
-86.0434 10.4974 0.605881
-86.0756 10.5291 0.574528
-86.1077 10.5609 0.527720
-86.1398 10.5926 0.481772
-86.1719 10.6244 0.453244
-84.8894 9.41537 0.990793
-84.9215 9.44713 0.952224
-84.9536 9.47889 0.873045
-84.9857 9.51065 0.753891
-85.0178 9.54242 0.609732
-85.05 9.57418 0.470497
-85.0821 9.60594 0.364778
-85.1142 9.6377 0.297316
-85.1463 9.66947 0.250027
-85.1784 9.70123 0.224628
-85.2105 9.73299 0.261307
-85.2426 9.76476 0.376925
-85.2748 9.79652 0.533617
-85.3069 9.82828 0.686204
-85.339 9.86004 0.799169
-85.3711 9.89181 0.843759
-85.4032 9.92357 0.824135
-85.4353 9.95533 0.806590
-85.4675 9.98709 0.830142
-85.4996 10.0189 0.867296
-85.5317 10.0506 0.862621
-85.5638 10.0824 0.800328
-85.5959 10.1141 0.814889
-85.628 10.1459 0.927039
-85.6601 10.1777 0.975555
-85.6923 10.2094 0.871646
-85.7244 10.2412 0.670297
-85.7565 10.273 0.471161
-85.7886 10.3047 0.331687
-85.8207 10.3365 0.267985
-85.8528 10.3682 0.272413
-85.885 10.4 0.324090
-85.9171 10.4318 0.404776
-85.9492 10.4635 0.490759
-85.9813 10.4953 0.559022
-86.0134 10.5271 0.595716
-86.0455 10.5588 0.599477
-86.0776 10.5906 0.579803
-86.1098 10.6223 0.552309
-86.1419 10.6541 0.533093
-84.8601 9.44436 1.000000
-84.8922 9.47612 0.980932
-84.9243 9.50788 0.935727
-84.9564 9.53965 0.849702
-84.9885 9.57141 0.723728
-85.0206 9.60317 0.582279
-85.0528 9.63493 0.461082
-85.0849 9.6667 0.387392
-85.117 9.69846 0.368745
-85.1491 9.73022 0.402226
-85.1812 9.76198 0.480278
-85.2133 9.79375 0.573025
-85.2454 9.82551 0.638620
-85.2776 9.85727 0.661208
-85.3097 9.88903 0.644776
-85.3418 9.9208 0.594357
-85.3739 9.95256 0.537565
-85.406 9.98432 0.533361
-85.4381 10.0161 0.599576
-85.4703 10.0478 0.671048
-85.5024 10.0796 0.667886
-85.5345 10.1114 0.604147
-85.5666 10.1431 0.594233
-85.5987 10.1749 0.665442
-85.6308 10.2067 0.713341
-85.6629 10.2384 0.659425
-85.6951 10.2702 0.515775
-85.7272 10.3019 0.336490
-85.7593 10.3337 0.177606
-85.7914 10.3655 0.085425
-85.8235 10.3972 0.078314
-85.8556 10.429 0.134328
-85.8878 10.4608 0.239051
-85.9199 10.4925 0.360476
-85.952 10.5243 0.467331
-85.9841 10.556 0.540969
-86.0162 10.5878 0.577696
-86.0483 10.6196 0.585246
-86.0804 10.6513 0.577437
-86.1126 10.6831 0.568649
-84.8315 9.47263 1.000000
-84.8636 9.50439 1.000000
-84.8957 9.53615 0.997653
-84.9278 9.56791 0.956921
-84.9599 9.59968 0.857731
-84.9921 9.63144 0.716695
-85.0242 9.6632 0.574645
-85.0563 9.69496 0.479005
-85.0884 9.72673 0.461863
-85.1205 9.75849 0.522428
-85.1526 9.79025 0.621707
-85.1847 9.82201 0.693883
-85.2169 9.85378 0.687111
-85.249 9.88554 0.603099
-85.2811 9.9173 0.484587
-85.3132 9.94906 0.378622
-85.3453 9.98083 0.328319
-85.3774 10.0126 0.366407
-85.4096 10.0444 0.472129
-85.4417 10.0761 0.559040
-85.4738 10.1079 0.550507
-85.5059 10.1396 0.467123
-85.538 10.1714 0.405312
-85.5701 10.2032 0.410897
-85.6022 10.2349 0.438477
-85.6344 10.2667 0.427965
-85.6665 10.2985 0.354782
-85.6986 10.3302 0.229597
-85.7307 10.362 0.094054
-85.7628 10.3937 0.005739
-85.7949 10.4255 0.000000
-85.8271 10.4573 0.042193
-85.8592 10.489 0.141558
-85.8913 10.5208 0.264392
-85.9234 10.5526 0.377483
-85.9555 10.5843 0.461798
-85.9876 10.6161 0.512798
-86.0197 10.6478 0.536014
-86.0519 10.6796 0.541878
-86.084 10.7114 0.541165
-84.8036 9.50017 1.000000
-84.8358 9.53193 1.000000
-84.8679 9.56369 1.000000
-84.9 9.59545 0.975600
-84.9321 9.62722 0.879653
-84.9642 9.65898 0.727026
-84.9963 9.69074 0.564314
-85.0284 9.7225 0.450116
-85.0606 9.75427 0.427105
-85.0927 9.78603 0.494902
-85.1248 9.81779 0.602765
-85.1569 9.84955 0.670996
-85.189 9.88132 0.642243
-85.2211 9.91308 0.522872
-85.2532 9.94484 0.373044
-85.2854 9.9766 0.263553
-85.3175 10.0084 0.243573
-85.3496 10.0401 0.322493
-85.3817 10.0719 0.453007
-85.4138 10.1037 0.547071
-85.4459 10.1354 0.541526
-85.4781 10.1672 0.454343
-85.5102 10.1989 0.360946
-85.5423 10.2307 0.313837
-85.5744 10.2625 0.306647
-85.6065 10.2942 0.303297
-85.6386 10.326 0.270974
-85.6707 10.3578 0.198389
-85.7029 10.3895 0.106804
-85.735 10.4213 0.039446
-85.7671 10.453 0.026739
-85.7992 10.4848 0.059240
-85.8313 10.5166 0.131652
-85.8634 10.5483 0.220318
-85.8956 10.5801 0.302405
-85.9277 10.6119 0.365425
-85.9598 10.6436 0.406706
-85.9919 10.6754 0.429561
-86.024 10.7071 0.439817
-86.0561 10.7389 0.443144
-84.7765 9.52699 0.976722
-84.8086 9.55875 0.967317
-84.8407 9.59051 0.941343
-84.8729 9.62227 0.878470
-84.905 9.65404 0.753978
-84.9371 9.6858 0.582523
-84.9692 9.71756 0.410204
-85.0013 9.74932 0.293582
-85.0334 9.78109 0.270499
-85.0656 9.81285 0.336876
-85.0977 9.84461 0.446437
-85.1298 9.87637 0.524321
-85.1619 9.90814 0.514120
-85.194 9.9399 0.417966
-85.2261 9.97166 0.292815
-85.2582 10.0034 0.211189
-85.2904 10.0352 0.220946
-85.3225 10.067 0.321861
-85.3546 10.0987 0.462538
-85.3867 10.1305 0.566966
-85.4188 10.1622 0.585186
-85.4509 10.194 0.526882
-85.4831 10.2258 0.443877
-85.5152 10.2575 0.381173
-85.5473 10.2893 0.349406
-85.5794 10.3211 0.332676
-85.6115 10.3528 0.307611
-85.6436 10.3846 0.260761
-85.6757 10.4163 0.200272
-85.7079 10.4481 0.150543
-85.74 10.4799 0.130315
-85.7721 10.5116 0.137681
-85.8042 10.5434 0.164700
-85.8363 10.5752 0.198165
-85.8684 10.6069 0.228287
-85.9006 10.6387 0.251618
-85.9327 10.6704 0.268471
-85.9648 10.7022 0.280024
-85.9969 10.734 0.287509
-86.029 10.7657 0.291415
-84.7501 9.5531 0.856143
-84.7822 9.58487 0.830846
-84.8143 9.61663 0.773539
-84.8465 9.64839 0.673723
-84.8786 9.68015 0.527238
-84.9107 9.71192 0.355467
-84.9428 9.74368 0.200824
-84.9749 9.77544 0.106281
-85.007 9.8072 0.091870
-85.0391 9.83897 0.145861
-85.0713 9.87073 0.244392
-85.1034 9.90249 0.331546
-85.1355 9.93425 0.355406
-85.1676 9.96602 0.308489
-85.1997 9.99778 0.231900
-85.2318 10.0295 0.185813
-85.264 10.0613 0.212344
-85.2961 10.0931 0.312750
-85.3282 10.1248 0.447497
-85.3603 10.1566 0.560239
-85.3924 10.1884 0.612757
-85.4245 10.2201 0.605341
-85.4566 10.2519 0.566361
-85.4888 10.2836 0.524662
-85.5209 10.3154 0.491646
-85.553 10.3472 0.462415
-85.5851 10.3789 0.426031
-85.6172 10.4107 0.376369
-85.6493 10.4425 0.318674
-85.6815 10.4742 0.266037
-85.7136 10.506 0.227480
-85.7457 10.5377 0.201085
-85.7778 10.5695 0.180759
-85.8099 10.6013 0.161844
-85.842 10.633 0.144676
-85.8741 10.6648 0.132570
-85.9063 10.6966 0.127203
-85.9384 10.7283 0.126874
-85.9705 10.7601 0.129509
-86.0026 10.7918 0.132287
-84.7244 9.57853 0.651632
-84.7565 9.6103 0.614755
-84.7886 9.64206 0.539589
-84.8207 9.67382 0.427355
-84.8529 9.70558 0.288921
-84.885 9.73735 0.151051
-84.9171 9.76911 0.047990
-84.9492 9.80087 0.000000
-84.9813 9.83264 0.000000
-85.0134 9.8644 0.024884
-85.0455 9.89616 0.095407
-85.0777 9.92792 0.182770
-85.1098 9.95969 0.238596
-85.1419 9.99145 0.242382
-85.174 10.0232 0.214271
-85.2061 10.055 0.196177
-85.2382 10.0867 0.222621
-85.2704 10.1185 0.300882
-85.3025 10.1503 0.409685
-85.3346 10.182 0.514671
-85.3667 10.2138 0.589710
-85.3988 10.2455 0.628591
-85.4309 10.2773 0.640318
-85.463 10.3091 0.635513
-85.4952 10.3408 0.617794
-85.5273 10.3726 0.584731
-85.5594 10.4044 0.533748
-85.5915 10.4361 0.467163
-85.6236 10.4679 0.393434
-85.6557 10.4996 0.322821
-85.6879 10.5314 0.260609
-85.72 10.5632 0.204973
-85.7521 10.5949 0.152490
-85.7842 10.6267 0.103843
-85.8163 10.6585 0.064383
-85.8484 10.6902 0.039296
-85.8805 10.722 0.028005
-85.9127 10.7537 0.023795
-85.9448 10.7855 0.023755
-85.9769 10.8173 0.025125
-84.6993 9.60331 0.419794
-84.7315 9.63507 0.381326
-84.7636 9.66683 0.308852
-84.7957 9.69859 0.212974
-84.8278 9.73036 0.112852
-84.8599 9.76212 0.034853
-84.892 9.79388 0.000000
-84.9242 9.82564 0.000000
-84.9563 9.85741 0.000000
-84.9884 9.88917 0.000000
-85.0205 9.92093 0.042997
-85.0526 9.95269 0.130626
-85.0847 9.98446 0.214026
-85.1168 10.0162 0.259942
-85.149 10.048 0.268876
-85.1811 10.0797 0.264978
-85.2132 10.1115 0.275180
-85.2453 10.1433 0.313127
-85.2774 10.175 0.375273
-85.3095 10.2068 0.447869
-85.3417 10.2386 0.517271
-85.3738 10.2703 0.575626
-85.4059 10.3021 0.619131
-85.438 10.3338 0.643520
-85.4701 10.3656 0.642626
-85.5022 10.3974 0.611708
-85.5343 10.4291 0.551614
-85.5665 10.4609 0.470448
-85.5986 10.4927 0.381005
-85.6307 10.5244 0.295156
-85.6628 10.5562 0.218722
-85.6949 10.5879 0.151506
-85.727 10.6197 0.092378
-85.7592 10.6515 0.044419
-85.7913 10.6832 0.012994
-85.8234 10.715 0.000000
-85.8555 10.7468 0.000000
-85.8876 10.7785 0.000000
-85.9197 10.8103 0.000000
-85.9518 10.842 0.000000
-84.6749 9.62744 0.218640
-84.7071 9.65921 0.187903
-84.7392 9.69097 0.134529
-84.7713 9.72273 0.073313
-84.8034 9.75449 0.023102
-84.8355 9.78626 0.000000
-84.8676 9.81802 0.000000
-84.8998 9.84978 0.000000
-84.9319 9.88154 0.000000
-84.964 9.91331 0.002818
-84.9961 9.94507 0.064190
-85.0282 9.97683 0.173865
-85.0603 10.0086 0.287000
-85.0924 10.0404 0.365777
-85.1246 10.0721 0.398042
-85.1567 10.1039 0.394646
-85.1888 10.1356 0.376471
-85.2209 10.1674 0.362145
-85.253 10.1992 0.362367
-85.2851 10.2309 0.380390
-85.3172 10.2627 0.414616
-85.3494 10.2945 0.459708
-85.3815 10.3262 0.506003
-85.4136 10.358 0.539884
-85.4457 10.3897 0.547560
-85.4778 10.4215 0.520759
-85.5099 10.4533 0.460623
-85.5421 10.485 0.377584
-85.5742 10.5168 0.287006
-85.6063 10.5486 0.202607
-85.6384 10.5803 0.131542
-85.6705 10.6121 0.075210
-85.7026 10.6438 0.033025
-85.7347 10.6756 0.007955
-85.7669 10.7074 0.000000
-85.799 10.7391 0.000000
-85.8311 10.7709 0.000000
-85.8632 10.8027 0.000000
-85.8953 10.8344 0.000000
-85.9274 10.8662 0.000000
-84.6511 9.65098 0.082731
-84.6833 9.68274 0.064383
-84.7154 9.7145 0.036132
-84.7475 9.74627 0.011272
-84.7796 9.77803 0.000000
-84.8117 9.80979 0.000000
-84.8438 9.84155 0.000000
-84.876 9.87332 0.000000
-84.9081 9.90508 0.001705
-84.9402 9.93684 0.042922
-84.9723 9.9686 0.144326
-85.0044 10.0004 0.286932
-85.0365 10.0321 0.428584
-85.0686 10.0639 0.530634
-85.1008 10.0957 0.574003
-85.1329 10.1274 0.561056
-85.165 10.1592 0.508471
-85.1971 10.1909 0.438306
-85.2292 10.2227 0.371452
-85.2613 10.2545 0.324020
-85.2935 10.2862 0.304951
-85.3256 10.318 0.313892
-85.3577 10.3498 0.340380
-85.3898 10.3815 0.366492
-85.4219 10.4133 0.374009
-85.454 10.445 0.352304
-85.4861 10.4768 0.301575
-85.5183 10.5086 0.231887
-85.5504 10.5403 0.158461
-85.5825 10.5721 0.094797
-85.6146 10.6039 0.047308
-85.6467 10.6356 0.017433
-85.6788 10.6674 0.001403
-85.711 10.6991 0.000000
-85.7431 10.7309 0.000000
-85.7752 10.7627 0.000000
-85.8073 10.7944 0.000000
-85.8394 10.8262 0.000000
-85.8715 10.858 0.000000
-85.9036 10.8897 0.000000
-84.6279 9.67393 0.016489
-84.6601 9.7057 0.009672
-84.6922 9.73746 0.001585
-84.7243 9.76922 0.000000
-84.7564 9.80098 0.000000
-84.7885 9.83275 0.000000
-84.8206 9.86451 0.000000
-84.8527 9.89627 0.000000
-84.8849 9.92803 0.029572
-84.917 9.9598 0.113979
-84.9491 9.99156 0.255455
-84.9812 10.0233 0.428640
-85.0133 10.0551 0.592433
-85.0454 10.0868 0.708373
-85.0776 10.1186 0.753980
-85.1097 10.1504 0.726696
-85.1418 10.1821 0.640624
-85.1739 10.2139 0.519958
-85.206 10.2457 0.392335
-85.2381 10.2774 0.282898
-85.2702 10.3092 0.209029
-85.3024 10.3409 0.176010
-85.3345 10.3727 0.175177
-85.3666 10.4045 0.186853
-85.3987 10.4362 0.190624
-85.4308 10.468 0.175755
-85.4629 10.4998 0.141712
-85.4951 10.5315 0.096440
-85.5272 10.5633 0.052521
-85.5593 10.595 0.020909
-85.5914 10.6268 0.003193
-85.6235 10.6586 0.000000
-85.6556 10.6903 0.000000
-85.6877 10.7221 0.000000
-85.7199 10.7539 0.000000
-85.752 10.7856 0.000000
-85.7841 10.8174 0.000000
-85.8162 10.8491 0.000000
-85.8483 10.8809 0.000000
-85.8804 10.9127 0.000000
-84.6053 9.69634 0.000000
-84.6374 9.7281 0.000000
-84.6695 9.75986 0.000000
-84.7016 9.79162 0.000000
-84.7337 9.82339 0.000000
-84.7659 9.85515 0.000000
-84.798 9.88691 0.000000
-84.8301 9.91867 0.012820
-84.8622 9.95044 0.070828
-84.8943 9.9822 0.188932
-84.9264 10.014 0.359708
-84.9586 10.0457 0.554121
-84.9907 10.0775 0.731510
-85.0228 10.1093 0.853863
-85.0549 10.141 0.897179
-85.087 10.1728 0.856385
-85.1191 10.2045 0.744139
-85.1512 10.2363 0.585896
-85.1834 10.2681 0.413307
-85.2155 10.2998 0.257328
-85.2476 10.3316 0.141423
-85.2797 10.3634 0.075966
-85.3118 10.3951 0.054814
-85.3439 10.4269 0.056148
-85.3761 10.4586 0.057282
-85.4082 10.4904 0.050670
-85.4403 10.5222 0.035872
-85.4724 10.5539 0.017381
-85.5045 10.5857 0.002956
-85.5366 10.6175 0.000000
-85.5687 10.6492 0.000000
-85.6009 10.681 0.000000
-85.633 10.7127 0.000000
-85.6651 10.7445 0.000000
-85.6972 10.7763 0.000000
-85.7293 10.808 0.000000
-85.7614 10.8398 0.000000
-85.7936 10.8716 0.000000
-85.8257 10.9033 0.000000
-85.8578 10.9351 0.000000
-84.5832 9.71822 0.000000
-84.6153 9.74998 0.000000
-84.6474 9.78174 0.000000
-84.6795 9.81351 0.000000
-84.7116 9.84527 0.000000
-84.7437 9.87703 0.000000
-84.7759 9.90879 0.000250
-84.808 9.94056 0.025123
-84.8401 9.97232 0.100517
-84.8722 10.0041 0.236637
-84.9043 10.0358 0.422260
-84.9364 10.0676 0.626897
-84.9685 10.0994 0.810204
-85.0007 10.1311 0.934499
-85.0328 10.1629 0.975280
-85.0649 10.1947 0.926421
-85.097 10.2264 0.799977
-85.1291 10.2582 0.621944
-85.1612 10.2899 0.425897
-85.1934 10.3217 0.245659
-85.2255 10.3535 0.108177
-85.2576 10.3852 0.027424
-85.2897 10.417 0.000029
-85.3218 10.4488 0.000000
-85.3539 10.4805 0.000003
-85.386 10.5123 0.000000
-85.4182 10.544 0.000000
-85.4503 10.5758 0.000000
-85.4824 10.6076 0.000000
-85.5145 10.6393 0.000000
-85.5466 10.6711 0.000000
-85.5787 10.7029 0.000000
-85.6109 10.7346 0.000000
-85.643 10.7664 0.000000
-85.6751 10.7981 0.000000
-85.7072 10.8299 0.000000
-85.7393 10.8617 0.000000
-85.7714 10.8934 0.000000
-85.8035 10.9252 0.000000
-85.8357 10.957 0.000000
